0 0.785833333333 0.226666666667 0.145 0.168888888889
0 0.644166666667 0.305555555556 0.145 0.157777777778
0 0.745 0.531111111111 0.126666666667 0.182222222222
0 0.880833333333 0.794444444444 0.138333333333 0.18
0 0.748333333333 0.783333333333 0.12 0.175555555556
0 0.591666666667 0.548888888889 0.133333333333 0.146666666667
0 0.35 0.321111111111 0.133333333333 0.153333333333
0 0.403333333333 0.511111111111 0.116666666667 0.168888888889
0 0.39 0.741111111111 0.12 0.157777777778
0 0.3125 0.642222222222 0.121666666667 0.142222222222
0 0.2425 0.507777777778 0.128333333333 0.175555555556
0 0.148333333333 0.444444444444 0.123333333333 0.137777777778
0 0.141666666667 0.712222222222 0.136666666667 0.184444444444
