0 0.84 0.413333333333 0.133333333333 0.177777777778
0 0.9 0.614444444444 0.13 0.175555555556
0 0.850833333333 0.798888888889 0.138333333333 0.18
0 0.5825 0.411111111111 0.131666666667 0.186666666667
0 0.648333333333 0.627777777778 0.14 0.171111111111
0 0.546666666667 0.766666666667 0.126666666667 0.168888888889
0 0.503333333333 0.582222222222 0.116666666667 0.191111111111
0 0.389166666667 0.288888888889 0.128333333333 0.195555555556
0 0.295 0.497777777778 0.123333333333 0.146666666667
0 0.41 0.516666666667 0.126666666667 0.18
0 0.334166666667 0.654444444444 0.125 0.18
0 0.185 0.671111111111 0.113333333333 0.151111111111
0 0.143333333333 0.8 0.12 0.151111111111
