0 0.445833333333 0.244444444444 0.111666666667 0.173333333333
0 0.174166666667 0.433333333333 0.135 0.168888888889
0 0.4225 0.387777777778 0.128333333333 0.14
0 0.451666666667 0.505555555556 0.116666666667 0.157777777778
0 0.638333333333 0.401111111111 0.106666666667 0.166666666667
0 0.175833333333 0.59 0.128333333333 0.135555555556
0 0.175 0.745555555556 0.126666666667 0.175555555556
0 0.2775 0.712222222222 0.125 0.175555555556
0 0.360833333333 0.626666666667 0.125 0.164444444444
0 0.386666666667 0.776666666667 0.136666666667 0.166666666667
0 0.61 0.64 0.106666666667 0.168888888889
0 0.7275 0.758888888889 0.105 0.175555555556
0 0.595 0.788888888889 0.123333333333 0.146666666667
