dice_009 0.923630 311.267395 101.149620 387.307739 172.060822
dice_009 0.006245 498.557648 98.684624 549.390015 158.559006
dice_009 0.010968 311.965149 120.567703 358.845825 178.401718
dice_009 0.897831 470.823975 107.409668 541.738342 178.386536
dice_009 0.885854 157.222076 185.976440 236.481720 260.241760
dice_009 0.010221 286.838135 224.766708 340.680664 284.494934
dice_009 0.902922 346.928406 223.337128 421.769226 297.703705
dice_009 0.007374 175.499680 277.205505 232.290543 334.400574
dice_009 0.802746 252.468613 232.940613 328.445679 311.950073
dice_009 0.882131 181.984268 284.940338 256.179596 354.767548
dice_009 0.882987 241.064072 305.848419 322.493591 384.704254
dice_009 0.005240 347.051331 312.699097 385.639771 359.130920
dice_009 0.005129 1.000000 47.632401 138.256500 200.158173
dice_009 0.024422 450.741180 70.905121 556.804688 197.095428
dice_009 0.017002 302.126434 83.987518 408.071381 208.508636
dice_009 0.031883 325.601166 196.326096 437.527740 314.897888
dice_009 0.022372 167.995026 268.093903 291.089203 382.260406
dice_009 0.012962 461.463196 386.338806 600.000000 450.000000
dice_009 0.006087 353.368896 1.000000 600.000000 364.022461
dice_009 0.006133 54.085907 34.906754 336.906830 450.000000
dice_009 0.006575 161.585876 123.098938 399.746033 450.000000
dice_009 0.005708 134.823730 4.376801 589.022888 226.000443
dice_009 0.009142 68.146042 209.035721 491.613708 450.000000
dice_009 0.005252 1.000000 151.788544 600.000000 450.000000
dice_019 0.021170 1.582966 19.337620 10.780521 127.522720
dice_019 0.040104 181.087021 88.667480 231.379044 150.091187
dice_019 0.622840 235.694107 61.781399 306.203674 146.707764
dice_019 0.043999 570.713440 76.650513 597.050598 164.123276
dice_019 0.593702 202.435822 152.780975 282.638397 221.283752
dice_019 0.753463 200.013275 219.127335 287.658356 299.263702
dice_019 0.919127 344.117157 187.760269 423.744720 268.953003
dice_019 0.820827 242.979370 240.274796 315.065308 323.007812
dice_019 0.846135 294.153778 319.521484 365.509369 405.055603
dice_019 0.028231 218.674255 17.359566 318.120728 156.417389
dice_019 0.789546 182.585327 66.922081 307.739410 166.578644
dice_019 0.008659 542.733276 43.111786 600.000000 209.251724
dice_019 0.335686 184.619553 101.361603 292.753204 226.307831
dice_019 0.008075 462.840149 379.696655 600.000000 450.000000
dice_019 0.010366 133.368744 1.000000 426.537506 389.126038
dice_019 0.012307 148.581055 56.827637 410.091309 450.000000
dice_019 0.008053 34.714569 19.730637 434.879456 216.568207
dice_019 0.018499 57.757080 156.926636 501.825256 424.320251
dice_019 0.010500 113.619049 254.870178 534.140991 450.000000
dice_019 0.013137 1.000000 1.000000 600.000000 308.899323
dice_019 0.011733 1.000000 172.685791 600.000000 450.000000
dice_029 0.027771 7.157562 29.947166 24.343782 136.120697
dice_029 0.016177 76.610168 50.092999 131.456421 132.807053
dice_029 0.025953 1.791377 66.351074 24.025169 156.740128
dice_029 0.907677 232.850586 55.710255 311.448364 152.260788
dice_029 0.851499 301.561493 86.068123 379.912140 170.144928
dice_029 0.018809 573.834106 69.840836 596.821655 158.541061
dice_029 0.005066 6.411105 106.028671 17.900703 209.124313
dice_029 0.920231 133.313782 140.290833 216.336304 210.606934
dice_029 0.016728 299.194916 113.391846 360.001923 183.764618
dice_029 0.899606 355.364105 138.806915 429.749847 206.526123
dice_029 0.017432 157.988571 159.597412 210.250870 219.731110
dice_029 0.010939 375.947052 160.326340 426.023773 220.262466
dice_029 0.005234 347.389008 225.242386 379.996246 271.859131
dice_029 0.880000 105.693802 266.240967 180.666763 338.859558
dice_029 0.019872 124.085739 288.646271 175.023483 343.812469
dice_029 0.922958 210.447861 290.762207 293.945740 376.923584
dice_029 0.018512 1.000000 1.600983 57.516876 151.230988
dice_029 0.850866 37.908569 57.668995 126.747131 154.465302
dice_029 0.014142 537.080688 32.006508 600.000000 213.729156
dice_029 0.009068 1.000000 75.169968 68.080902 243.344101
dice_029 0.022221 110.288628 113.777351 225.684906 226.604553
dice_029 0.009381 340.005798 97.236282 457.707153 235.988907
dice_029 0.006196 464.057617 388.146912 600.000000 450.000000
dice_029 0.011619 1.000000 1.000000 219.971344 350.608948
dice_029 0.013457 154.849854 1.000000 402.438721 325.422852
dice_029 0.007795 9.057846 109.187088 294.181274 450.000000
dice_029 0.005021 1.000000 1.000000 298.352295 51.241859
dice_029 0.008574 1.000000 5.092072 267.109772 231.254196
dice_029 0.009315 1.000000 1.000000 436.776917 283.065308
dice_029 0.010737 1.000000 1.000000 600.000000 371.916534
dice_029 0.008234 1.000000 78.788925 595.882202 450.000000
dice_039 0.892726 335.669189 93.129364 408.623047 172.320984
dice_039 0.922921 128.695892 136.722427 203.978607 215.030106
dice_039 0.911943 56.357719 181.656204 137.553741 246.139511
dice_039 0.896580 247.555878 185.832474 324.655304 254.335037
dice_039 0.012192 82.762978 205.559052 133.981308 257.074951
dice_039 0.942638 166.136154 225.072845 251.953812 299.951019
dice_039 0.883953 324.150085 250.359283 394.131714 312.792511
dice_039 0.007871 384.475739 275.803528 442.267853 334.643066
dice_039 0.007512 418.766022 271.440826 466.017365 332.988068
dice_039 0.012236 45.731934 306.456177 83.122421 358.679138
dice_039 0.926763 389.712463 282.034271 473.515625 370.788849
dice_039 0.005469 462.389282 1.000000 600.000000 83.299469
dice_039 0.010508 1.000000 5.975357 135.863037 164.696091
dice_039 0.006030 528.103149 30.656075 600.000000 209.136688
dice_039 0.005700 136.157013 90.200241 228.517426 243.738358
dice_039 0.005082 314.712341 83.602531 423.625549 216.722260
dice_039 0.008711 35.267841 151.897675 161.717224 268.633698
dice_039 0.014492 233.486069 151.379639 343.362885 273.869659
dice_039 0.016179 1.511261 240.900772 133.435089 418.058838
dice_039 0.009729 465.521790 391.385132 600.000000 450.000000
dice_039 0.005265 306.992981 84.254745 598.446167 450.000000
dice_039 0.006130 151.746445 1.000000 574.011230 248.071609
dice_039 0.005558 1.000000 82.477577 368.576660 322.506165
dice_039 0.006794 243.782700 204.372208 600.000000 450.000000
dice_039 0.005246 1.000000 1.000000 600.000000 335.955902
dice_049 0.007552 5.349512 36.372555 15.767363 116.819214
dice_049 0.905539 261.325562 70.162445 337.123291 160.210480
dice_049 0.929237 38.333755 130.139130 139.036545 203.477936
dice_049 0.008153 69.851944 161.498993 126.043747 219.344696
dice_049 0.931117 163.975250 187.968475 231.371246 260.139557
dice_049 0.893691 245.716553 183.737549 318.069153 258.133606
dice_049 0.917853 138.358109 291.312195 221.090347 360.734863
dice_049 0.917849 287.903107 270.647064 354.683624 359.608246
dice_049 0.924184 401.450684 275.707275 471.822998 359.740723
dice_049 0.005081 572.367859 473.488098 595.531921 450.000000
dice_049 0.013643 465.423279 1.000000 600.000000 74.135620
dice_049 0.009033 1.000000 1.000000 145.676575 170.352600
dice_049 0.012593 228.754700 151.245407 340.862732 271.989716
dice_049 0.006901 139.685715 172.238037 250.770615 287.496643
dice_049 0.006700 1.000000 234.605957 145.953003 432.463928
dice_049 0.015819 127.345993 268.959229 236.405991 386.025818
dice_049 0.012475 465.465210 393.697235 600.000000 450.000000
dice_049 0.005251 46.006592 123.656784 346.569061 450.000000
dice_049 0.005122 185.334808 135.107712 463.665009 450.000000
dice_049 0.005920 1.000000 33.715286 336.828491 288.961731
dice_059 0.008617 432.528412 59.636784 482.053925 126.170914
dice_059 0.010296 143.175552 86.369843 189.224289 151.375992
dice_059 0.872976 147.638901 93.683319 220.959915 160.414871
dice_059 0.838602 210.798019 94.254814 277.560913 155.522339
dice_059 0.877281 432.495972 76.958252 498.036072 149.972473
dice_059 0.006697 574.306519 75.085236 598.846191 153.069916
dice_059 0.007426 164.039719 118.999428 228.859818 172.636871
dice_059 0.007135 215.620544 119.648300 268.339203 175.244186
dice_059 0.890402 106.567421 180.458771 181.243378 251.466278
dice_059 0.009976 174.226990 185.907867 228.156372 255.770599
dice_059 0.005246 346.918945 180.539795 385.828064 229.492096
dice_059 0.005803 420.601166 182.767715 470.064545 240.587723
dice_059 0.893606 178.803970 205.379013 241.202072 275.698303
dice_059 0.924440 386.232117 194.168915 457.613586 264.912048
dice_059 0.005240 259.124390 309.599884 301.466858 356.748688
dice_059 0.905304 301.218597 311.813416 367.462494 375.979614
dice_059 0.006048 37.170349 11.285934 178.792725 143.653809
dice_059 0.012977 135.526474 60.390167 242.466934 185.059814
dice_059 0.011676 184.502502 60.876274 297.572845 170.351074
dice_059 0.014135 409.945801 52.256973 518.971619 177.694153
dice_059 0.007524 528.948303 27.222183 600.000000 210.349121
dice_059 0.008444 99.769638 146.392639 192.515518 274.979828
dice_059 0.023588 367.170502 157.743530 466.316803 282.762085
dice_059 0.008429 1.000000 235.039642 144.836365 431.959198
dice_059 0.010459 474.358521 251.044876 600.000000 412.123840
dice_059 0.009299 465.117249 392.419006 600.000000 450.000000
dice_059 0.006336 108.057709 1.000000 368.063019 366.737610
dice_059 0.006271 299.595490 1.000000 600.000000 311.699341
dice_059 0.006390 256.505188 51.743973 561.588257 442.907593
dice_059 0.007092 1.000000 1.000000 420.101868 233.433762
dice_059 0.008834 1.000000 1.000000 584.739746 321.455627
dice_069 0.010709 137.760147 59.200500 181.890457 125.958603
dice_069 0.901993 123.511124 74.967583 205.293442 151.156769
dice_069 0.908544 246.117371 82.803818 324.956848 158.743790
dice_069 0.925718 352.743408 73.435760 424.123535 154.931900
dice_069 0.018020 573.795349 73.761299 597.017029 163.694702
dice_069 0.921407 182.600357 111.034180 257.902832 179.385223
dice_069 0.009677 5.585867 155.596222 17.937038 258.081604
dice_069 0.927938 11.551716 183.391434 107.490936 261.030518
dice_069 0.005184 336.327728 184.890396 383.724152 248.070541
dice_069 0.005950 176.997360 223.142731 212.015427 277.782806
dice_069 0.892980 326.418701 210.641998 391.527283 291.473053
dice_069 0.901528 210.147186 240.241135 276.813080 316.011780
dice_069 0.005503 343.374023 247.139374 387.330688 302.858002
dice_069 0.021122 132.673920 65.327896 236.294220 178.535583
dice_069 0.021383 327.944824 53.862392 437.693176 181.219391
dice_069 0.011260 534.958191 37.341881 600.000000 216.741364
dice_069 0.005798 169.522675 86.284988 284.675476 216.992508
dice_069 0.011503 309.188995 174.512650 414.000031 319.879578
dice_069 0.011744 189.224869 214.984741 301.611572 346.304932
dice_069 0.010777 461.430267 384.555115 600.000000 450.000000
dice_069 0.008218 120.503448 1.000000 440.556488 319.912109
dice_069 0.006311 1.000000 1.000000 215.690475 450.000000
dice_069 0.005587 237.527466 30.954117 494.317993 450.000000
dice_069 0.005508 90.292892 111.263199 390.737610 450.000000
dice_069 0.008990 1.000000 1.000000 370.924622 272.431946
dice_069 0.017078 1.000000 98.069931 268.034698 316.244080
dice_069 0.011090 1.000000 34.116623 516.049866 363.550415
dice_069 0.006925 1.000000 35.977875 600.000000 448.773407
dice_079 0.006139 50.968422 58.314564 83.535988 97.869919
dice_079 0.932451 90.583603 59.459919 171.321548 142.553589
dice_079 0.006767 228.633484 92.756439 273.831238 154.626801
dice_079 0.912083 228.888977 101.955788 311.530823 171.024902
dice_079 0.900100 330.477173 108.797516 412.698669 177.709534
dice_079 0.942835 48.235767 147.949753 135.931107 230.799606
dice_079 0.005258 214.010117 228.631668 259.705383 295.607971
dice_079 0.006347 160.255936 275.230011 212.314438 334.118561
dice_079 0.912867 205.601440 253.179031 279.303986 332.427155
dice_079 0.006512 43.190228 309.433258 83.618301 353.409393
dice_079 0.934310 134.429367 289.122284 218.426163 364.895050
dice_079 0.907920 358.247681 305.812347 432.761169 388.699799
dice_079 0.009429 465.397949 1.000000 600.000000 70.721191
dice_079 0.008691 215.152603 92.723877 330.104858 207.846100
dice_079 0.006623 1.000000 238.430115 146.555634 421.670410
dice_079 0.012938 462.720947 392.805756 600.000000 450.000000
dice_079 0.006436 236.266830 1.000000 497.622314 375.721313
dice_079 0.006454 1.000000 1.000000 247.287445 414.565582
dice_079 0.005812 85.755890 131.339035 391.030365 450.000000
dice_079 0.005311 282.943817 112.455048 535.248291 450.000000
dice_079 0.005094 1.000000 101.648598 328.130066 305.798981
dice_079 0.005408 1.000000 233.287125 455.303070 431.156677
dice_079 0.005345 197.447906 219.259506 600.000000 441.832336
dice_079 0.005080 1.000000 1.000000 600.000000 312.194519
dice_079 0.006127 9.945068 100.635864 600.000000 450.000000
dice_089 0.007919 336.050598 46.966381 383.924500 108.323563
dice_089 0.008055 7.613852 72.010788 19.098198 148.574966
dice_089 0.950735 53.286125 98.092682 127.758324 177.925171
dice_089 0.007670 314.861206 83.807098 358.438049 153.189148
dice_089 0.906340 323.419312 87.084923 389.198059 168.510895
dice_089 0.920332 387.471863 98.907471 462.170349 172.545502
dice_089 0.009173 572.695251 73.634583 595.599915 160.363190
dice_089 0.918998 179.430298 105.604836 245.572754 177.997528
dice_089 0.005190 422.980164 123.123657 464.728210 181.464050
dice_089 0.900227 203.292175 198.749786 265.119690 276.124146
dice_089 0.927319 274.761200 254.304153 335.178131 335.058289
dice_089 0.898259 408.404846 234.900803 476.931213 307.822906
dice_089 0.009538 300.124329 290.438629 338.125549 345.095184
dice_089 0.008559 584.241028 279.242371 599.262512 390.340759
dice_089 0.006410 472.690582 1.000000 600.000000 157.857834
dice_089 0.015533 24.228504 59.756729 124.175629 196.528107
dice_089 0.007255 151.695435 71.505180 259.439636 197.304871
dice_089 0.008743 309.352905 47.885727 403.845703 198.173782
dice_089 0.014314 526.544739 45.446411 600.000000 205.421494
dice_089 0.007908 353.894684 87.350677 465.582550 213.660553
dice_089 0.005229 478.150513 63.896103 600.000000 262.061401
dice_089 0.017368 390.544769 192.041901 497.435516 328.004791
dice_089 0.012391 260.450439 230.433289 360.845886 356.066345
dice_089 0.011451 521.610535 239.845886 600.000000 424.794128
dice_089 0.008709 464.147919 390.910583 600.000000 450.000000
dice_089 0.005309 89.517395 1.000000 600.000000 236.223984
dice_089 0.005075 1.000000 1.000000 600.000000 326.875061
dice_099 0.005356 576.739319 1.000000 594.765442 68.548645
dice_099 0.007960 82.019020 64.487595 126.048988 119.862503
dice_099 0.907632 62.108257 85.849625 146.035431 156.544373
dice_099 0.924778 221.750565 79.578094 297.044067 155.592590
dice_099 0.885369 294.932495 78.093460 367.097534 167.943680
dice_099 0.010625 84.106590 116.612244 137.132980 173.784851
dice_099 0.022239 298.158295 116.874733 358.519135 180.469452
dice_099 0.932760 228.467392 143.563980 298.371246 226.695541
dice_099 0.924893 129.452789 194.434937 207.489532 264.287750
dice_099 0.852719 104.888588 261.546753 191.767303 332.741455
dice_099 0.007655 126.839920 289.181854 178.620834 347.860565
dice_099 0.876764 251.708176 296.997345 316.413788 379.515961
dice_099 0.009767 254.665375 326.453064 304.506012 393.693787
dice_099 0.005465 53.064320 30.157112 153.036057 140.134796
dice_099 0.023037 106.136948 182.647522 221.282425 296.046906
dice_099 0.015446 236.508423 263.715027 339.050110 406.123718
dice_099 0.011524 461.862091 383.046448 600.000000 450.000000
dice_099 0.012433 1.000000 1.000000 240.110031 312.285645
dice_099 0.010638 16.348602 1.000000 282.743896 450.000000
dice_099 0.006307 144.242706 167.891357 419.629303 450.000000
dice_099 0.006657 1.000000 1.000000 321.748718 234.119080
dice_099 0.011778 124.808838 1.000000 511.884277 262.980347
dice_099 0.009609 1.000000 163.293594 355.529785 414.902100
dice_099 0.009971 1.000000 1.000000 562.947998 266.506042
dice_099 0.008577 1.000000 123.224426 575.934021 450.000000
dice_109 0.926796 56.847641 90.248970 133.267136 175.538605
dice_109 0.932593 223.490707 68.366280 296.299042 137.242126
dice_109 0.894243 294.582520 63.838531 366.845032 138.513016
dice_109 0.907531 432.925446 109.348915 516.013733 187.270844
dice_109 0.868367 275.692474 177.464096 354.674652 242.469650
dice_109 0.006974 350.082611 183.573959 396.875641 252.222549
dice_109 0.908514 61.023891 194.742798 132.682220 273.636536
dice_109 0.013984 298.645569 205.799377 350.860718 258.851746
dice_109 0.941586 357.228851 191.570740 427.010651 267.169281
dice_109 0.014713 45.240677 306.063232 83.710716 357.318420
dice_109 0.005225 571.928650 473.149658 595.721497 450.000000
dice_109 0.007166 1.000000 18.711342 122.254883 151.075134
dice_109 0.009589 21.348480 57.984535 131.907211 191.973785
dice_109 0.015929 195.999451 52.659924 307.951477 170.452911
dice_109 0.033893 45.744225 170.530991 150.995453 302.703979
dice_109 0.010325 345.503418 169.604614 449.620789 297.976135
dice_109 0.011758 1.000000 252.978241 139.409821 407.520294
dice_109 0.013090 466.913818 394.508453 600.000000 450.000000
dice_109 0.005963 1.000000 1.000000 242.084442 389.633789
dice_109 0.006025 166.969543 1.000000 479.724121 436.114716
dice_109 0.008888 1.000000 1.000000 313.447449 235.341110
dice_109 0.005338 271.190918 39.432755 600.000000 278.003723
dice_109 0.006072 43.618286 72.773567 597.230103 327.220886
dice_109 0.005087 1.000000 144.914062 337.990082 341.988556
dice_109 0.007056 1.000000 1.000000 537.854431 310.596191
dice_119 0.005558 93.735344 58.413849 129.619797 126.682724
dice_119 0.895760 79.028122 80.287964 152.378052 157.143631
dice_119 0.909210 205.024445 67.650581 280.018768 144.116150
dice_119 0.010314 72.108932 129.148468 130.972504 204.673553
dice_119 0.908312 35.910400 144.974960 115.399170 225.513229
dice_119 0.869990 136.559082 147.404053 213.798218 224.866821
dice_119 0.909230 380.113800 178.906616 453.552216 261.524963
dice_119 0.938810 56.570438 250.889572 133.004929 330.432098
dice_119 0.933416 138.275940 267.637573 221.861267 349.899902
dice_119 0.011351 44.328659 301.411133 83.019623 355.881714
dice_119 0.010071 82.602676 291.539032 131.337814 344.011505
dice_119 0.010205 135.006714 286.514984 185.248230 355.493317
dice_119 0.006735 571.484863 471.349731 595.956665 450.000000
dice_119 0.016848 63.231071 48.762939 168.349243 183.471878
dice_119 0.015550 190.679672 44.815025 299.579590 172.973450
dice_119 0.008322 360.800293 167.761520 464.846680 299.886658
dice_119 0.005818 1.000000 253.340454 82.870476 404.219604
dice_119 0.010236 465.444641 391.780029 600.000000 450.000000
dice_119 0.005607 1.000000 1.000000 185.496643 339.307281
dice_119 0.005975 94.977371 1.000000 385.461975 292.329407
dice_119 0.010326 1.000000 12.678360 198.272568 394.570862
dice_119 0.005399 199.243317 79.459686 600.000000 327.963196
dice_119 0.012229 1.000000 186.891251 407.425598 395.119751
dice_119 0.005784 1.000000 1.000000 495.966949 323.190491
dice_119 0.007100 1.000000 54.912994 600.000000 450.000000
dice_129 0.005422 49.325893 55.750122 91.326874 99.875244
dice_129 0.961070 47.553738 86.496536 129.071320 161.832230
dice_129 0.907250 235.217957 81.954895 310.560486 154.947769
dice_129 0.927154 341.414734 97.682404 412.567871 172.629547
dice_129 0.008653 371.102966 95.703621 417.342896 158.784668
dice_129 0.892728 479.921143 91.535858 554.488281 164.015533
dice_129 0.007233 582.068359 74.846169 598.735352 166.096313
dice_129 0.007812 46.140209 127.498169 91.581467 182.271729
dice_129 0.014378 81.048111 120.230453 131.474167 181.960373
dice_129 0.009744 120.742889 149.230453 170.909180 209.292648
dice_129 0.007040 476.771454 122.381798 526.483459 178.955246
dice_129 0.009806 508.022064 120.144836 555.642334 181.983276
dice_129 0.006624 42.901093 176.184662 80.699623 225.039551
dice_129 0.909523 102.588219 162.454666 174.191193 231.367386
dice_129 0.924497 64.694260 275.164856 138.753922 353.026245
dice_129 0.922701 187.916626 281.639130 263.845581 360.414825
dice_129 0.007484 7.598049 16.505157 118.597351 155.176132
dice_129 0.009080 226.473923 50.320015 320.149506 182.085693
dice_129 0.014656 324.899536 63.426376 427.128418 193.899185
dice_129 0.018558 451.613403 75.025726 569.110107 180.739517
dice_129 0.024730 85.105362 136.788803 195.931473 261.538605
dice_129 0.015976 1.000000 246.205673 72.690491 410.563171
dice_129 0.009143 465.133606 391.750854 600.000000 450.000000
dice_129 0.006721 155.256912 1.000000 406.416565 313.188568
dice_129 0.007381 24.085724 1.000000 273.252930 416.403931
dice_129 0.005815 1.000000 139.952042 252.305603 450.000000
dice_129 0.005044 99.345230 104.784912 375.975769 450.000000
dice_129 0.005026 2.722855 234.456100 471.968750 422.666870
dice_129 0.007160 1.000000 1.000000 479.753601 450.000000
dice_139 0.006592 570.533264 77.159698 596.840149 157.911148
dice_139 0.900278 61.421833 173.678848 139.468079 248.175156
dice_139 0.061899 72.652817 217.511780 139.189026 285.394073
dice_139 0.932601 127.801025 231.213074 210.206085 298.039734
dice_139 0.909336 402.466675 218.732391 474.130737 288.182526
dice_139 0.875897 65.408203 251.322815 141.732834 322.678040
dice_139 0.934822 319.174438 238.019073 391.808228 309.341766
dice_139 0.009291 422.337341 245.567932 473.117737 308.726746
dice_139 0.865123 465.696472 265.555206 532.422424 333.667816
dice_139 0.011772 33.910973 309.645569 81.647179 353.867249
dice_139 0.006550 91.241173 293.750763 133.478790 343.975677
dice_139 0.928463 257.506653 280.511230 328.699951 352.191406
dice_139 0.012746 505.705078 305.336334 559.431396 363.812775
dice_139 0.005101 1.000000 49.576653 129.852951 195.562561
dice_139 0.015210 529.192932 33.526474 600.000000 214.810959
dice_139 0.005181 479.011871 69.258881 600.000000 245.479279
dice_139 0.022072 104.788841 196.491089 218.636414 315.048218
dice_139 0.016942 54.521332 213.823303 147.499634 359.116638
dice_139 0.007357 308.567413 209.734421 409.657196 346.120972
dice_139 0.005220 1.000000 266.696228 126.713501 391.586548
dice_139 0.013569 438.292786 261.792450 559.020142 389.158661
dice_139 0.011835 467.569824 394.385315 600.000000 450.000000
dice_139 0.006976 1.000000 1.000000 230.064270 418.456299
dice_139 0.005329 126.214355 143.342682 432.348999 450.000000
dice_139 0.005870 1.000000 89.489326 321.590637 310.317871
dice_139 0.010523 1.000000 155.651199 348.373169 414.852417
dice_139 0.008107 1.000000 72.652573 508.943329 450.000000
dice_149 0.008632 9.580580 44.852654 23.630804 113.509727
dice_149 0.029236 580.363831 35.132523 596.760925 126.909760
dice_149 0.889471 32.359669 88.428368 128.361526 171.184082
dice_149 0.005077 125.634789 96.041687 177.384293 171.219543
dice_149 0.904897 111.214539 120.320480 193.136139 204.638199
dice_149 0.920826 429.010956 119.438904 512.311096 201.673279
dice_149 0.007756 48.228760 231.398468 96.208786 293.423004
dice_149 0.896313 236.952103 202.713470 312.776642 286.037994
dice_149 0.925506 41.774521 244.229523 121.487305 330.485321
dice_149 0.006631 162.287521 274.057495 209.095230 334.044678
dice_149 0.933757 294.174866 264.419067 374.495789 343.885071
dice_149 0.012824 42.640381 294.449005 89.605835 349.376190
dice_149 0.943671 135.859512 283.971344 213.550156 362.295319
dice_149 0.005200 340.109100 300.591309 382.435028 357.787964
dice_149 0.007393 7.032650 7.053932 124.132462 166.392181
dice_149 0.016893 530.841675 1.000000 600.000000 230.216095
dice_149 0.006056 16.488548 182.310745 122.825508 340.759644
dice_149 0.006622 7.202347 259.799286 123.118103 386.665070
dice_149 0.006257 274.029327 252.533493 378.797516 388.595947
dice_149 0.008007 464.484985 391.199005 600.000000 450.000000
dice_149 0.007927 1.000000 1.000000 222.879211 348.048798
dice_149 0.009951 26.184242 1.000000 276.599426 378.905609
dice_149 0.013096 1.000000 45.318558 225.224030 450.000000
dice_149 0.019983 1.000000 2.724815 275.591003 236.280090
dice_149 0.005082 94.265594 146.978088 548.625732 431.709961
dice_149 0.011819 1.000000 1.000000 452.510986 295.043823
dice_149 0.007082 1.000000 75.390625 453.952148 450.000000
dice_159 0.008988 89.790253 93.515244 125.000137 147.517563
dice_159 0.006347 137.265976 92.370255 170.759659 153.169342
dice_159 0.021978 204.198883 103.146828 253.097321 163.036255
dice_159 0.922813 345.800293 100.299484 435.830017 172.898972
dice_159 0.930420 428.995941 60.824127 521.619568 139.338272
dice_159 0.008601 81.463478 149.266861 127.551857 205.016403
dice_159 0.939330 171.951416 110.265137 245.619415 175.234741
dice_159 0.899385 54.757214 165.904846 123.081833 230.509125
dice_159 0.912585 107.468231 194.513565 179.983887 268.376526
dice_159 0.896328 209.911453 193.163696 270.480469 267.800629
dice_159 0.903478 319.313629 218.634155 393.816010 279.986450
dice_159 0.900226 412.346100 198.020248 484.255096 284.816101
dice_159 0.022628 75.560104 264.000244 121.542511 339.454529
dice_159 0.915792 151.446014 254.569595 223.527924 323.703430
dice_159 0.915007 48.800140 280.598999 120.216629 358.023926
dice_159 0.007399 178.237335 290.978394 220.387207 355.571106
dice_159 0.902424 198.498047 299.007721 266.791870 366.334198
dice_159 0.005586 300.558105 312.837769 338.883545 355.455872
dice_159 0.918280 413.336823 311.632660 496.236725 392.965851
dice_159 0.005330 123.605240 350.146423 163.172501 401.028992
dice_159 0.903809 489.314758 320.108704 571.509216 395.676514
dice_159 0.005643 572.237061 472.066010 595.915283 450.000000
dice_159 0.006189 139.065323 87.388618 273.541443 208.774048
dice_159 0.006101 45.437603 147.393402 157.590179 261.295593
dice_159 0.020879 92.442688 167.947845 204.276337 305.651611
dice_159 0.007718 187.442078 163.796921 290.945038 300.375122
dice_159 0.106024 26.078144 268.524567 133.273270 383.339447
dice_159 0.018021 467.070709 395.982819 600.000000 450.000000
dice_159 0.011115 24.743980 63.058929 280.701294 434.555054
dice_159 0.009289 332.621765 27.590225 571.430603 450.000000
dice_159 0.018553 1.000000 142.853348 238.126907 450.000000
dice_159 0.006548 114.014763 154.131104 363.953278 450.000000
dice_159 0.005775 402.968658 190.705338 600.000000 450.000000
dice_159 0.007420 190.896179 1.000000 600.000000 244.446716
dice_159 0.009783 235.066483 149.575134 600.000000 339.276917
dice_159 0.009471 1.000000 179.628815 474.223297 392.592072
dice_159 0.012438 1.000000 3.169479 517.976562 450.000000
dice_159 0.010254 54.115448 22.900528 600.000000 450.000000
dice_169 0.016192 586.974731 71.529648 597.746582 166.455582
dice_169 0.930625 40.653412 122.926605 129.476624 211.780609
dice_169 0.931967 316.663544 125.731842 382.439362 204.699890
dice_169 0.899613 239.332809 179.371780 316.360474 246.729874
dice_169 0.005183 254.920776 205.268188 308.623413 261.080719
dice_169 0.882974 81.062737 270.936859 158.030121 347.769989
dice_169 0.005525 129.292618 266.113495 183.795395 333.287323
dice_169 0.894991 148.203217 267.435150 221.614502 338.908905
dice_169 0.006623 45.158112 309.677582 83.987190 354.733551
dice_169 0.008974 247.428940 316.246429 298.197662 383.838165
dice_169 0.934244 218.807220 327.591339 306.278839 402.540619
dice_169 0.926513 341.986450 322.990692 427.428833 400.920746
dice_169 0.006046 128.268707 238.998016 246.173615 357.225433
dice_169 0.005031 351.506836 275.381073 445.507935 415.208099
dice_169 0.013004 460.708771 387.556946 600.000000 450.000000
dice_169 0.011618 1.000000 151.644485 277.765015 450.000000
dice_169 0.005249 144.692795 193.063904 418.639221 450.000000
dice_169 0.005094 1.000000 37.099579 307.303284 283.667206
dice_169 0.006053 1.000000 92.451050 497.491058 450.000000
dice_179 0.913973 277.297638 83.074921 354.152008 157.773697
dice_179 0.040340 591.765564 59.612904 597.976746 178.352234
dice_179 0.929059 126.309601 138.514175 206.644989 216.405899
dice_179 0.008209 162.543198 164.332458 208.974625 229.824066
dice_179 0.906097 260.745117 170.477661 337.629761 247.071014
dice_179 0.015550 592.194275 190.464233 598.331116 309.571655
dice_179 0.007139 464.680664 269.458984 522.700439 343.392761
dice_179 0.006716 590.951599 231.416412 598.380310 346.088654
dice_179 0.006578 43.477798 309.481750 82.856842 353.715576
dice_179 0.907413 124.919876 309.470551 184.954910 384.979767
dice_179 0.009816 226.315750 314.374664 271.041321 378.424164
dice_179 0.929220 310.343262 307.381042 379.893677 392.580261
dice_179 0.899671 450.098602 281.176239 536.683167 369.556427
dice_179 0.011309 589.464478 281.781403 597.568848 384.492523
dice_179 0.931292 226.464111 320.790070 295.607727 408.082428
dice_179 0.008215 589.346680 325.925476 597.609619 422.581787
dice_179 0.008712 1.000000 246.421753 144.498138 419.253052
dice_179 0.012190 196.870560 293.612671 310.544281 449.194824
dice_179 0.006673 124.177238 376.703339 258.111145 450.000000
dice_179 0.019971 459.665894 388.534363 600.000000 450.000000
dice_179 0.006101 197.127808 1.000000 449.361755 296.484985
dice_179 0.014601 378.558838 89.551559 600.000000 450.000000
dice_179 0.020388 278.849365 226.845245 600.000000 435.055634
dice_179 0.005317 1.000000 1.000000 600.000000 294.918610
dice_179 0.020148 70.367615 119.206161 600.000000 450.000000
dice_189 0.902238 321.753204 71.106842 405.725494 158.836533
dice_189 0.900431 206.124649 168.090607 287.647888 249.953186
dice_189 0.922683 222.000870 236.326920 311.085083 333.543884
dice_189 0.006547 454.284363 267.937103 514.844910 340.407379
dice_189 0.005240 39.917328 311.970642 81.428009 355.750183
dice_189 0.902682 118.023239 308.982849 197.710037 390.178772
dice_189 0.877897 184.429474 308.388214 273.774719 394.778778
dice_189 0.881051 328.256744 286.216003 417.289459 374.821899
dice_189 0.008214 1.000000 235.098938 141.764908 425.482727
dice_189 0.925717 432.441132 271.622131 528.218384 368.970154
dice_189 0.005138 77.476913 378.497620 222.428696 450.000000
dice_189 0.014594 464.692657 395.063446 600.000000 450.000000
dice_189 0.014664 234.263977 1.000000 496.256226 340.666199
dice_189 0.013891 147.836472 23.936310 412.164368 450.000000
dice_189 0.014506 244.131409 61.341003 481.296326 450.000000
dice_189 0.009884 362.359467 92.312103 600.000000 450.000000
dice_189 0.011155 159.604843 1.000000 568.124023 243.897034
dice_189 0.010363 43.103516 87.656967 431.155121 318.510864
dice_189 0.006021 1.000000 197.163040 326.067810 450.000000
dice_189 0.019550 155.693481 212.418304 572.013123 450.000000
dice_189 0.012648 1.000000 1.000000 600.000000 290.489594
dice_189 0.018226 1.000000 114.029297 600.000000 450.000000
dice_199 0.927654 340.855103 92.409317 426.139709 172.177505
dice_199 0.010091 378.805878 119.956863 425.050018 182.585983
dice_199 0.925005 116.461601 224.670151 215.253906 307.157104
dice_199 0.887013 353.223328 220.616180 444.797485 312.007477
dice_199 0.028027 153.572388 244.968567 212.245331 314.834839
dice_199 0.017001 35.511375 307.071106 85.154999 359.156982
dice_199 0.902736 76.611832 294.096741 154.171341 376.840149
dice_199 0.891103 198.039627 286.667236 285.242432 366.743835
dice_199 0.890846 284.504456 293.639923 360.236877 379.175323
dice_199 0.922811 389.237549 292.364258 478.331909 379.587280
dice_199 0.008822 37.109158 344.779877 80.423691 392.508575
dice_199 0.005585 295.182129 332.088684 346.655762 389.997253
dice_199 0.007076 418.799164 329.561401 469.425568 394.242981
dice_199 0.005576 572.602051 472.744110 596.137451 450.000000
dice_199 0.010496 466.981018 1.000000 600.000000 75.298073
dice_199 0.006388 82.384949 371.890778 220.556366 450.000000
dice_199 0.015862 463.246490 395.139160 600.000000 450.000000
dice_199 0.007117 1.000000 176.755478 240.782440 450.000000
dice_199 0.010223 114.014862 84.983459 362.600555 450.000000
dice_199 0.009620 171.639832 143.840393 474.516174 450.000000
dice_199 0.008042 338.491058 75.826813 564.404114 450.000000
dice_199 0.005739 121.918304 1.000000 600.000000 243.841309
dice_199 0.009470 1.000000 133.535873 310.664001 366.220093
dice_199 0.006830 217.170547 136.227844 591.143799 363.743958
dice_199 0.011332 20.362244 209.051788 453.644531 449.238922
dice_199 0.010277 249.979645 225.588409 600.000000 439.773956
dice_199 0.006163 1.000000 392.048920 192.419250 450.000000
dice_199 0.006184 1.000000 56.584259 497.097839 450.000000
dice_199 0.012352 1.000000 89.884644 600.000000 450.000000
dice_209 0.898171 270.982147 266.020905 348.827911 329.879608
dice_209 0.936582 55.999985 300.442535 130.690765 373.436981
dice_209 0.928025 125.482773 305.858887 208.680801 384.076172
dice_209 0.007159 298.123749 291.825623 346.355804 343.028748
dice_209 0.926096 434.585083 308.758514 519.823914 391.615997
dice_209 0.005380 572.447693 472.828613 596.266785 450.000000
dice_209 0.006902 255.281494 233.767776 368.705872 356.842010
dice_209 0.005242 1.000000 250.151459 75.611717 405.926239
dice_209 0.006739 97.417633 295.518524 214.793701 438.439667
dice_209 0.006033 81.421524 375.305298 220.246964 450.000000
dice_209 0.015221 462.984619 391.174377 600.000000 450.000000
dice_209 0.005298 19.326492 81.366409 280.808533 450.000000
dice_209 0.008015 1.000000 226.647293 337.539154 444.091736
dice_209 0.005737 279.778259 214.306610 600.000000 450.000000
dice_209 0.005466 1.000000 127.783279 528.031006 450.000000
dice_219 0.010997 48.312943 142.163223 102.779022 205.870590
dice_219 0.924825 50.546886 146.813919 140.224823 225.497421
dice_219 0.911052 475.989655 185.650238 568.380798 269.495819
dice_219 0.913232 233.160645 246.198837 319.970215 332.784668
dice_219 0.005497 250.353180 290.223389 307.395782 356.037598
dice_219 0.005362 308.034058 312.215088 355.831970 375.483093
dice_219 0.011809 334.670685 315.208557 378.548065 384.214783
dice_219 0.005194 433.503906 310.905151 474.907837 365.195923
dice_219 0.867048 451.828766 311.285522 540.054443 392.022949
dice_219 0.899202 190.722839 319.551392 265.912689 393.211975
dice_219 0.932686 312.455292 325.528717 379.943451 404.381989
dice_219 0.007674 467.305542 1.000000 600.000000 79.279839
dice_219 0.900648 161.605667 60.784355 257.785583 150.516693
dice_219 0.013702 181.199585 282.035522 278.191589 413.092224
dice_219 0.013946 305.626190 297.111389 397.396942 438.051758
dice_219 0.013954 460.955536 389.446960 600.000000 450.000000
dice_219 0.008411 1.000000 5.597946 234.303589 398.553162
dice_219 0.006298 395.866364 41.799088 600.000000 448.422424
dice_219 0.011568 141.900635 61.046371 415.108398 450.000000
dice_219 0.013358 7.361832 1.000000 374.084290 239.074127
dice_219 0.007072 319.036926 88.471909 600.000000 320.972473
dice_219 0.010031 72.513931 168.109009 480.766785 412.156494
dice_219 0.010232 340.811035 225.572693 600.000000 440.851257
dice_219 0.012085 1.000000 1.000000 600.000000 335.220612
dice_219 0.011024 1.000000 94.121216 600.000000 450.000000
dice_219 0.005759 121.996552 125.743317 600.000000 450.000000
dice_229 0.029583 589.624268 27.423759 597.712036 137.638977
dice_229 0.936785 262.348236 84.275124 344.432770 169.253174
dice_229 0.005311 478.591644 94.221222 515.564880 141.270325
dice_229 0.011182 299.324402 118.020309 342.426575 182.315262
dice_229 0.915186 337.240173 139.126572 420.327209 222.872208
dice_229 0.010195 367.209595 159.967697 423.830627 228.305923
dice_229 0.889964 414.408386 176.788437 499.477600 264.275269
dice_229 0.006367 589.291199 199.268997 597.562073 295.531952
dice_229 0.892436 328.996948 238.351807 413.644226 323.943970
dice_229 0.008638 589.327209 241.625473 597.750427 341.615601
dice_229 0.833349 258.759247 267.898407 335.250641 362.465302
dice_229 0.848531 329.262329 308.750824 415.409546 395.666718
dice_229 0.035458 588.456238 276.191254 597.096985 384.581757
dice_229 0.914344 53.504063 321.207031 147.399994 394.482544
dice_229 0.005736 78.526344 372.548340 222.291321 450.000000
dice_229 0.013604 463.947632 395.508911 600.000000 450.000000
dice_229 0.008053 319.499451 1.000000 581.703064 450.000000
dice_229 0.011057 232.585709 86.589661 500.366699 450.000000
dice_229 0.007622 138.986221 129.389023 415.911621 450.000000
dice_229 0.010997 1.000000 207.539581 228.343964 450.000000
dice_229 0.009385 76.377182 6.159882 562.320374 228.278900
dice_229 0.019111 261.519958 81.718636 600.000000 330.311615
dice_229 0.010526 133.758423 181.943359 591.809937 400.615234
dice_229 0.005087 1.000000 379.429871 199.520599 450.000000
dice_229 0.012489 30.217407 35.170197 600.000000 368.924896
dice_229 0.009671 1.000000 120.179413 488.878723 450.000000
dice_239 0.902197 416.923706 60.150448 503.140869 146.315582
dice_239 0.911067 228.576599 216.616776 307.564697 300.220001
dice_239 0.912155 333.149078 221.330048 417.936554 310.216461
dice_239 0.009517 165.107544 273.765442 228.823883 335.372620
dice_239 0.928043 85.425293 292.009277 167.444839 371.571411
dice_239 0.917452 165.027328 285.229706 253.147049 371.138947
dice_239 0.907416 248.555405 298.290192 327.965424 378.852570
dice_239 0.915957 485.259125 289.371948 573.507690 369.417786
dice_239 0.005495 122.827736 340.067291 167.834839 401.224518
dice_239 0.014839 254.829895 327.837616 310.551697 391.554779
dice_239 0.007654 464.459717 1.000000 600.000000 75.569206
dice_239 0.014934 464.505676 394.300842 600.000000 450.000000
dice_239 0.012014 45.093719 44.265442 339.131897 450.000000
dice_239 0.007418 150.500259 137.488373 410.515381 450.000000
dice_239 0.011738 391.749084 110.921646 600.000000 450.000000
dice_239 0.014963 271.370239 1.000000 600.000000 239.340546
dice_239 0.010722 197.215607 128.389359 531.500488 369.982361
dice_239 0.011016 1.000000 220.242157 405.754517 450.000000
dice_239 0.015868 314.347900 217.983154 600.000000 444.833008
dice_239 0.012837 59.046478 1.000000 600.000000 335.700287
dice_239 0.005353 33.509033 53.565628 600.000000 437.703613
dice_239 0.010108 1.000000 99.872086 600.000000 450.000000
dice_239 0.014827 74.308014 122.638245 600.000000 450.000000
dice_249 0.007247 426.034821 99.837479 480.305023 163.674301
dice_249 0.007136 168.916428 147.365433 220.238815 210.915970
dice_249 0.894653 420.283081 121.970169 495.888794 202.546219
dice_249 0.905189 151.598541 161.502167 227.026337 228.543640
dice_249 0.938097 311.916016 211.910950 378.536987 282.624420
dice_249 0.011462 32.680428 273.187439 75.627960 330.128174
dice_249 0.880594 194.621597 247.624481 271.789642 312.807037
dice_249 0.024356 16.263233 289.191895 33.585575 366.058228
dice_249 0.042691 43.721825 287.902771 89.009560 350.207397
dice_249 0.904157 63.500294 285.765564 137.442352 351.527649
dice_249 0.901244 408.305145 295.625305 497.057465 378.138367
dice_249 0.880659 496.560028 287.997040 576.317505 355.859528
dice_249 0.005132 572.747253 473.261932 596.539856 450.000000
dice_249 0.036725 405.804382 92.809280 516.654663 223.384384
dice_249 0.012189 131.464371 136.747864 245.041122 254.472992
dice_249 0.009871 172.423569 223.989899 294.222321 340.198029
dice_249 0.058755 1.000000 247.730072 75.617889 406.695038
dice_249 0.014974 477.379028 268.559540 598.086182 379.321259
dice_249 0.011106 465.930786 392.073730 600.000000 450.000000
dice_249 0.007291 318.610779 1.000000 585.753052 338.845215
dice_249 0.005083 81.727409 35.968323 304.884247 376.602112
dice_249 0.005656 117.359978 109.719284 356.008636 450.000000
dice_249 0.006279 1.000000 76.272644 196.805817 450.000000
dice_249 0.009049 306.213013 149.408005 596.933899 450.000000
dice_249 0.006644 287.283020 215.432571 600.000000 443.323486
dice_249 0.005360 1.000000 1.000000 600.000000 430.756226
dice_249 0.009128 29.321228 80.996460 600.000000 450.000000
dice_259 0.005631 478.904205 54.514030 527.347107 124.678780
dice_259 0.917391 297.768738 201.573227 367.258545 297.623840
dice_259 0.917371 111.274071 260.619598 192.823578 343.665253
dice_259 0.885068 11.329247 299.254333 95.633041 373.052429
dice_259 0.028518 37.812164 331.383881 86.942513 386.147369
dice_259 0.912112 246.864471 317.050720 318.313202 402.465149
dice_259 0.930574 348.370972 340.815308 437.373230 420.064209
dice_259 0.007767 379.958618 375.647766 434.030945 430.647339
dice_259 0.891235 472.557007 61.336521 567.845825 148.612061
dice_259 0.021465 1.000000 289.175171 118.495316 434.758057
dice_259 0.005777 85.339455 368.605621 218.052368 450.000000
dice_259 0.019672 456.679169 384.987915 600.000000 450.000000
dice_259 0.006862 188.025955 55.233307 456.291077 445.743195
dice_259 0.006556 22.644272 75.884415 280.114319 450.000000
dice_259 0.017554 1.000000 132.695145 208.147980 450.000000
dice_259 0.006731 151.559464 207.224197 411.114319 450.000000
dice_259 0.007863 277.210266 111.829529 542.416260 450.000000
dice_259 0.011923 351.318604 4.101395 600.000000 237.079102
dice_259 0.023112 1.000000 229.519196 261.516602 436.706635
dice_259 0.008713 132.829559 251.858582 600.000000 450.000000
dice_259 0.005033 1.000000 385.819611 193.507019 450.000000
dice_259 0.007359 21.136475 1.000000 600.000000 378.118958
dice_259 0.016972 1.000000 142.905167 489.245026 450.000000
dice_259 0.007602 1.000000 148.360458 600.000000 450.000000
